image_id,background,building flooded,grass,road flooded,tree,pool,vehicle,water
10165,2.0289713541666665,36.504231770833336,23.722005208333332,26.150390624999996,11.594401041666668,,,
10166,2.9342447916666665,63.0595703125,20.340169270833332,,13.666015625,,,
10168,10.197591145833334,2.862630208333333,52.19303385416667,29.648437500000004,4.1357421875,0.6878255208333333,0.27473958333333337,
10170,48.2666015625,35.775065104166664,2.686848958333333,,11.6123046875,1.6591796874999998,,
10171,70.60319010416667,5.926432291666667,3.1083984375,8.819661458333334,10.124674479166666,1.4176432291666667,,
10172,72.4091796875,10.447265625,2.6656901041666665,0.027669270833333332,14.4501953125,,,
10175,8.332682291666666,6.192057291666667,,,20.606770833333332,64.86848958333333,,
10176,10.480143229166666,1.8138020833333335,18.329427083333332,,19.8837890625,49.492838541666664,,
10179,10.041666666666666,4.3330078125,,0.0006510416666666667,20.9150390625,64.70963541666667,,
10180,15.518880208333332,,,0.24707031249999997,19.9755859375,64.25846354166667,,
10181,9.19140625,8.502604166666666,,0.03157552083333333,21.388997395833336,60.88541666666667,,
10182,6.694010416666667,,1.484375,4.934895833333333,21.790364583333332,65.09635416666667,,
10184,22.157877604166668,2.031901041666667,,0.00032552083333333337,19.476888020833332,56.3330078125,,
10300,27.011718750000004,13.203124999999998,20.707356770833332,29.927734374999996,9.150065104166668,,,
10566,53.35058593749999,16.1435546875,4.1396484375,4.9921875,17.8671875,3.225911458333333,0.28092447916666663,
10687,10.237630208333332,16.7685546875,,0.009114583333333334,12.123697916666666,60.86100260416667,,
10806,69.32389322916667,11.658203125,3.4130859375000004,,14.998697916666668,0.6061197916666667,,
10810,19.482747395833332,20.109700520833336,2.9169921875,23.016276041666668,33.99251302083333,0.055338541666666664,0.42643229166666663,
10811,28.7421875,17.1826171875,2.3662109375,21.2353515625,28.389973958333332,1.1975911458333333,,0.8860677083333334
10817,61.445638020833336,12.308919270833334,18.180989583333336,0.7737630208333333,4.113606770833334,3.0377604166666665,0.13932291666666669,
10818,62.33040364583333,6.069986979166667,25.307291666666664,,3.387044270833333,2.9052734375,,
10819,4.213216145833333,2.7623697916666665,63.123046875,3.986328125,1.4886067708333335,24.426432291666668,,
10820,0.044596354166666664,,91.84993489583333,7.471028645833333,0.6344401041666667,,,
10821,22.416341145833332,2.099609375,42.176106770833336,2.9052734375,28.655598958333332,1.7470703125,,
10825,20.694661458333332,14.434895833333334,53.831380208333336,,10.486979166666668,0.20735677083333334,0.3447265625,
10826,4.160807291666667,4.922526041666667,52.2548828125,24.005208333333332,,14.448567708333334,0.2080078125,
10827,5.074869791666667,29.331054687500004,58.476236979166664,,,6.639648437499999,0.41243489583333337,0.06575520833333333
10828,56.289713541666664,5.8486328125,37.86165364583333,,,,,
10834,8.430013020833334,35.97102864583333,0.0244140625,0.15852864583333334,18.046875,36.8505859375,0.5185546875,
10835,33.783528645833336,0.037109375,37.168294270833336,14.381510416666668,14.048828125000002,0.5807291666666666,,
10836,9.042317708333334,39.423502604166664,40.134114583333336,,11.400065104166666,,,
10837,3.212890625,46.049153645833336,45.269856770833336,0.9866536458333334,3.9020182291666665,0.5794270833333334,,
10840,41.15983072916667,,41.444010416666664,13.9013671875,,,2.7272135416666665,0.767578125
10841,75.24772135416666,,22.237630208333332,,,,2.5146484375,
11723,26.873372395833332,14.415039062500002,17.61328125,37.640299479166664,3.4580078124999996,,,
6279,88.26953125,2.9576822916666665,0.3987630208333333,,6.802734375,1.5712890625,,
6287,41.425130208333336,0.4560546875,,4.9111328125,40.541015625,12.666666666666668,,
6332,14.851236979166666,14.4140625,46.296223958333336,19.859375,0.3020833333333333,,0.14388020833333334,4.133138020833333
6334,10.970703125,10.699544270833334,56.10774739583333,19.912760416666668,2.0328776041666665,,0.2763671875,
6335,12.811197916666666,12.509114583333334,52.487630208333336,19.601888020833332,2.3284505208333335,,0.26171875,
6338,17.180338541666668,7.839518229166667,35.7578125,36.10384114583333,2.9632161458333335,,0.1552734375,
6340,9.580729166666666,23.9931640625,36.560546875,20.796875,9.068684895833332,,,
6341,44.94921875,,22.5517578125,15.4912109375,,17.0078125,,
6344,29.697265625000004,17.297200520833332,45.847005208333336,6.740885416666667,0.41764322916666663,,,
6346,28.208007812500004,1.7014973958333333,22.555338541666668,18.903645833333332,28.526692708333336,,0.10481770833333333,
6347,23.131184895833336,,22.413411458333332,24.396158854166668,29.903320312499996,,0.15592447916666666,
6348,23.230794270833332,11.638671875,22.736002604166668,11.8154296875,30.5791015625,,,
6350,22.616861979166668,11.953776041666666,22.818033854166668,12.0029296875,30.6083984375,,,
6351,3.4960937499999996,80.03255208333333,0.043294270833333336,16.424479166666668,0.0035807291666666665,,,
6352,33.3544921875,48.21875,6.063802083333333,11.805338541666668,0.5576171875,,,
6354,33.5458984375,,23.1865234375,12.118815104166666,31.015299479166668,,0.13346354166666666,
6358,22.826822916666668,36.2412109375,23.3837890625,17.040364583333336,0.4876302083333333,,0.020182291666666668,
6359,23.426432291666664,29.888346354166668,23.3349609375,12.023111979166666,0.265625,11.0615234375,,
6360,22.736328125,36.533203125,23.2978515625,6.263997395833333,0.2822265625,10.886393229166668,,
6361,32.63671875,41.486328125,23.522135416666668,0.9501953125,1.3098958333333335,0.0947265625,,
6363,23.634114583333332,29.746093750000004,23.221028645833332,22.892252604166664,0.3994140625,,0.10709635416666667,
6364,23.4150390625,29.504231770833332,22.987630208333336,23.617513020833332,0.3645833333333333,,0.11100260416666667,
6365,23.491861979166668,28.917317708333336,23.20703125,23.473307291666668,0.7854817708333333,,0.125,
6367,23.8046875,41.555989583333336,23.435546875,9.607096354166666,1.5966796875000002,,,
6368,27.1669921875,40.6005859375,22.71484375,9.476236979166666,,,0.041341145833333336,
6369,37.9384765625,25.37890625,22.784830729166668,13.897786458333334,,,,
6370,30.583984375,55.7373046875,1.8323567708333333,11.846354166666668,,,,
6372,31.792317708333336,60.33300781249999,7.874348958333334,0.00032552083333333337,,,,
6373,30.137369791666668,22.9453125,30.720052083333332,16.197265625,,,,
6374,22.724609375,24.768229166666668,29.624674479166668,22.830729166666668,,,0.0517578125,
6375,44.239908854166664,0.00032552083333333337,29.466471354166668,23.706380208333332,2.423177083333333,,0.16373697916666669,
6376,31.498697916666668,29.807291666666668,23.056640625,14.534179687500002,1.1031901041666667,,,
6379,52.875325520833336,,23.2099609375,23.8466796875,,,0.06803385416666667,
6381,26.492838541666668,20.60546875,23.5810546875,0.1865234375,29.134114583333332,,,
6384,27.6611328125,6.0712890625,24.772786458333336,13.807291666666666,27.683919270833336,,0.0035807291666666665,
6385,27.953776041666668,11.914388020833332,25.009440104166668,8.014973958333334,27.107421875,,,
6386,28.3916015625,6.163411458333334,25.204427083333332,13.970377604166668,26.270182291666664,,,
6387,18.796223958333332,0.35774739583333337,34.4833984375,20.3212890625,26.041341145833336,,,
6388,23.049153645833336,2.802083333333333,36.406575520833336,13.157552083333332,24.4306640625,,0.15397135416666666,
6393,28.617187500000004,15.70703125,39.412760416666664,15.932291666666668,,0.18489583333333334,0.14583333333333334,
6395,31.747721354166668,13.7978515625,38.677408854166664,15.476888020833332,,,0.3001302083333333,
6397,66.13736979166667,18.569661458333332,,14.28125,1.01171875,,,
6398,11.761067708333334,16.0986328125,53.79296875,12.510742187500002,0.4713541666666667,4.787434895833333,0.5777994791666667,
6399,78.44498697916666,14.994466145833332,0.019856770833333332,5.8603515625,0.6803385416666666,,,
6402,17.179361979166664,24.560872395833332,44.52669270833333,9.064127604166666,4.6396484375,,0.029296875,
6403,30.659830729166664,6.599609375,46.4873046875,5.164713541666666,11.088541666666666,,,
6404,9.458658854166666,24.887044270833332,45.01822916666667,6.1220703125,14.485026041666666,,0.028971354166666668,
6407,4.875325520833333,,27.030598958333336,30.173502604166668,37.920572916666664,,,
6408,6.967773437499999,,25.423502604166664,25.755533854166668,41.7626953125,,0.09049479166666666,
6409,11.212565104166666,13.244140625,26.097330729166668,8.2998046875,40.16796875,0.7936197916666667,0.1845703125,
6411,66.87467447916666,17.809244791666668,1.9274088541666667,,11.580078125,1.1875,,0.62109375
6413,32.3779296875,18.7431640625,,45.415690104166664,1.673828125,1.6191406249999998,0.17024739583333334,
6414,30.770507812499996,11.3671875,,47.606770833333336,8.809895833333334,1.4456380208333333,,
6415,33.862955729166664,8.680013020833334,6.84375,10.185872395833332,37.0791015625,3.0986328125,0.24967447916666666,
6416,46.85416666666667,10.045247395833332,,31.045898437500004,10.309895833333334,1.0927734375,0.6520182291666666,
6421,29.087890625,1.3297526041666667,,33.320963541666664,27.954752604166664,8.306640625,,
6422,30.434244791666664,4.8037109375,0.006510416666666667,30.601888020833336,31.082682291666668,3.0709635416666665,,
6424,30.054036458333332,12.23828125,,33.46223958333333,20.800130208333336,1.6461588541666665,0.17805989583333331,1.6210937500000002
6426,23.7060546875,11.417643229166668,46.293294270833336,10.0654296875,6.0234375,1.9664713541666667,0.5270182291666666,0.0006510416666666667
6427,30.621744791666668,9.603515625,30.680989583333336,11.0849609375,16.200520833333336,1.8082682291666665,,
6430,44.916341145833336,9.683268229166666,29.069661458333336,2.735677083333333,12.912109375,0.4153645833333333,0.267578125,
6431,28.2666015625,7.905598958333333,27.734049479166668,11.963541666666666,22.619791666666668,1.5104166666666667,,
6433,36.1630859375,10.620768229166666,29.618489583333336,12.753580729166666,8.426432291666666,1.7011718750000002,0.7164713541666667,
6435,26.343098958333332,18.4873046875,27.3173828125,2.9430338541666665,23.888997395833332,1.0201822916666667,,
6437,15.766276041666666,14.208333333333334,51.305013020833336,1.1868489583333335,16.4873046875,0.2874348958333333,0.7587890625,
6438,71.033203125,14.157552083333332,0.5904947916666667,1.77734375,5.807942708333334,5.598958333333334,1.0345052083333335,
6442,41.43359375,5.065755208333334,5.506184895833333,36.870442708333336,10.952473958333334,,0.17154947916666666,
6443,38.384114583333336,9.232421875,44.3271484375,2.986002604166667,4.678059895833334,,0.3922526041666667,
6444,50.038736979166664,8.4150390625,,37.43619791666667,1.9853515624999998,1.623046875,0.5016276041666666,
6446,53.33072916666667,7.051757812499999,,36.390299479166664,1.4892578125,1.7379557291666667,,
6447,54.390625,2.2496744791666665,36.893880208333336,,6.066080729166667,0.39973958333333337,,
6450,4.728190104166666,42.1845703125,11.853190104166666,36.634765625,4.236328125,0.3629557291666667,,
6451,13.413736979166666,19.797200520833332,,63.6328125,3.115234375,0.041015625,,
6453,51.20052083333333,4.856770833333333,31.105143229166664,2.8688151041666665,8.526041666666668,1.4427083333333333,,
6454,15.0302734375,1.4873046875,,70.1318359375,11.842447916666666,1.5081380208333333,,
6455,11.454752604166666,65.3359375,0.11946614583333334,14.470703125,7.399088541666667,1.2200520833333335,,
6456,18.009114583333332,3.791015625,0.0013020833333333335,75.77213541666666,0.8033854166666666,1.623046875,,
6457,14.640950520833334,5.11328125,,76.6494140625,3.596354166666667,,,
6458,15.212890625,37.008463541666664,0.001953125,41.7470703125,5.53125,0.49837239583333337,,
6459,12.204752604166668,36.232096354166664,0.020833333333333336,2.6363932291666665,8.852864583333334,40.05305989583333,,
6460,12.279622395833334,7.552083333333333,33.223307291666664,41.881184895833336,5.063802083333333,,,
6461,7.405598958333333,83.76334635416667,0.10839843750000001,0.009440104166666666,8.232096354166666,0.1787109375,0.3024088541666667,
6462,13.238932291666666,4.634440104166666,43.783203125,,2.5286458333333335,35.814778645833336,,
6463,15.651692708333334,4.1181640625,56.495768229166664,,0.83984375,22.89453125,,
6464,28.124348958333336,7.471354166666666,48.5,11.091471354166666,4.792317708333333,0.0205078125,,
6465,43.587565104166664,11.188151041666666,33.47623697916667,5.0107421875,5.578125,1.1591796875,,
6466,74.48111979166666,17.293619791666668,,,6.803059895833333,1.4222005208333333,,
6469,84.10611979166667,9.084635416666668,,,4.886393229166667,1.0712890625,0.275390625,0.576171875
6477,3.9947916666666665,2.515625,31.441406249999996,3.5087890625,58.539388020833336,,,
6478,3.3401692708333335,,24.560546875,1.3203125,,70.77897135416666,,
6481,32.62109375,5.096028645833333,34.959309895833336,8.569661458333332,16.339192708333332,2.2757161458333335,0.13899739583333334,
6484,55.437174479166664,5.756510416666667,27.851236979166664,0.7708333333333334,7.862955729166667,2.3212890625,,
6486,2.173502604166667,75.52571614583333,21.367838541666668,0.9329427083333333,,,,
6492,65.68717447916667,7.1181640625,,5.5888671875,19.4921875,1.7500000000000002,0.3636067708333333,
6496,72.10286458333334,5.6865234375,4.3515625,14.168294270833334,1.38671875,2.011393229166667,0.2926432291666667,
6498,73.8896484375,1.2783203125,,22.685221354166664,2.1468098958333335,,,
6499,22.130859375,,,29.300781250000004,48.25032552083333,0.3180338541666667,,
6501,20.0400390625,1.4443359375,,16.8427734375,61.6728515625,,,
6504,15.358072916666668,2.2014973958333335,65.125,13.176432291666668,3.5940755208333335,0.544921875,,
6505,13.661132812499998,4.8115234375,64.5869140625,12.902994791666666,3.7366536458333335,0.30078125,,
6506,20.18359375,2.621744791666667,63.92285156250001,13.271809895833334,,,,
6509,19.8525390625,4.050455729166667,61.929361979166664,13.96484375,,0.20279947916666666,,
6510,18.692057291666668,3.3736979166666665,52.79915364583333,15.739908854166668,7.5947265625,1.0452473958333333,0.7552083333333334,
6512,13.7900390625,6.760091145833333,,20.29296875,57.892903645833336,1.2639973958333333,,
6513,8.8984375,5.324869791666666,,27.682291666666664,57.647786458333336,0.4466145833333333,,
6516,16.853515625,6.061197916666667,59.212890625,16.394205729166668,1.2164713541666667,0.26171875,,
6520,18.498046875,8.980143229166666,,17.9013671875,54.146484375,0.47395833333333337,,
6523,34.89453125,3.668619791666667,,22.894856770833332,37.90104166666667,,0.6409505208333334,
6525,25.3427734375,2.27734375,,26.965494791666668,41.01920572916667,4.395182291666667,,
6526,21.871419270833332,2.7477213541666665,,29.478190104166668,45.760416666666664,0.009114583333333334,0.13313802083333331,
6527,31.846354166666668,6.131510416666667,,26.772460937499996,31.046549479166668,1.3154296875,,2.8876953125
6528,36.937825520833336,4.733723958333334,,27.783203125,29.034830729166668,1.5104166666666667,,
6530,32.732747395833336,3.652018229166667,,28.689778645833336,33.4287109375,,0.6393229166666667,0.8574218749999999
6531,26.5458984375,7.6572265625,32.876953125,6.572916666666667,25.458984375,0.2568359375,,0.6311848958333333
6533,24.314778645833332,5.321940104166667,0.009440104166666666,31.680664062500004,31.572591145833336,7.100585937499999,,
6534,29.942057291666668,2.5901692708333335,22.6083984375,7.967122395833333,32.524739583333336,4.367513020833334,,
6535,66.77604166666666,6.948567708333334,,7.6044921875,16.4658203125,2.205078125,,
6537,43.0791015625,5.121419270833334,18.220052083333332,8.3408203125,24.958333333333332,,0.2802734375,
6538,39.560872395833336,23.0634765625,,6.738932291666666,30.636718750000004,,,
6540,14.953125,3.1725260416666665,,22.614583333333332,55.41308593749999,3.8466796875,,
6541,13.689127604166668,27.400065104166664,,1.724609375,57.18619791666667,,,
6542,12.580729166666666,23.767903645833332,58.693359375,4.954427083333333,,0.0035807291666666665,,
6543,14.0859375,,59.075846354166664,26.838216145833332,,,,
6544,14.250325520833334,2.402669270833333,58.0185546875,25.328450520833336,,,,
6546,20.348307291666668,26.167317708333332,50.49153645833333,2.986653645833333,0.006184895833333334,,,
6548,57.721028645833336,6.479492187499999,,,34.337565104166664,1.4619140625,,
6549,65.27506510416666,3.4899088541666665,,,29.587239583333336,1.6477864583333335,,
6552,48.938802083333336,0.8815104166666667,16.447916666666668,,25.76171875,7.970052083333333,,
6555,47.61783854166667,1.0895182291666665,,28.158854166666668,23.1337890625,,,
6556,67.90494791666667,3.540364583333333,,27.523763020833332,,,1.0309244791666667,
6559,71.04427083333333,4.0498046875,0.7112630208333334,6.433919270833334,14.078776041666666,3.6819661458333335,,
6560,67.69368489583333,3.6848958333333335,,12.397135416666668,14.217122395833334,1.7096354166666667,0.2975260416666667,
6563,29.1884765625,4.670572916666667,11.273763020833332,21.167643229166664,31.992838541666668,0.45345052083333337,0.1669921875,1.0862630208333333
6564,26.693033854166664,7.727213541666666,42.258138020833336,19.934895833333332,3.3173828125,0.0693359375,,
6565,32.8837890625,5.468424479166667,41.857421875,18.044596354166668,1.7457682291666665,,,
6566,33.7265625,6.759765625,,17.597330729166664,41.47819010416667,0.43815104166666663,,
6569,32.93912760416667,8.241861979166666,22.91796875,18.288736979166668,16.76171875,0.8505859375000001,,
6573,16.009765625,0.004231770833333334,21.876302083333332,26.767903645833336,30.0166015625,5.3251953125,,
6574,22.1943359375,1.0631510416666667,40.282552083333336,0.5738932291666667,35.886067708333336,,,
6580,26.493164062500004,,44.76595052083333,17.943359375,6.481119791666666,,3.5130208333333335,0.8033854166666666
6584,9.071614583333334,42.944010416666664,24.035807291666668,1.5400390625,21.445963541666664,,0.2633463541666667,0.69921875
6585,24.420572916666668,4.793619791666667,59.73600260416667,,10.661458333333334,,0.38834635416666663,
6586,20.917317708333332,6.494791666666666,57.70703124999999,,14.4658203125,,0.4150390625,
6588,9.3349609375,17.1611328125,66.55403645833333,0.14127604166666669,3.170247395833333,3.2255859375,0.41276041666666663,
6589,4.698893229166667,29.4013671875,37.189453125,17.880208333333332,1.08984375,9.018229166666666,0.7220052083333334,
6591,2.2587890625,36.671549479166664,60.8427734375,,,,0.22688802083333331,
6592,6.407877604166666,16.053385416666664,60.40885416666667,16.844075520833332,,,0.2858072916666667,
6595,88.0400390625,,,,1.3079427083333333,10.652018229166666,,
6597,7.445638020833334,,66.80794270833333,22.798177083333336,1.5377604166666665,1.4104817708333333,,
6600,4.761393229166667,52.96191406250001,39.15625,2.6253255208333335,0.048828125,,0.4462890625,
6601,7.188802083333333,55.442708333333336,32.9248046875,4.443033854166667,0.0006510416666666667,,,
6603,25.620117187500004,15.126302083333334,15.115885416666666,35.117513020833336,8.755208333333334,,0.2649739583333333,
6608,50.12630208333333,1.7067057291666667,,35.321614583333336,12.845377604166666,,,
6610,6.645833333333333,0.5247395833333333,82.25358072916666,5.825846354166667,4.75,,,
6613,48.176432291666664,22.246744791666668,,9.977213541666668,7.789062500000001,11.332682291666666,0.47786458333333337,
6614,31.245768229166664,19.332356770833332,9.439778645833332,12.1982421875,8.3759765625,19.407877604166668,,
6615,10.188151041666666,8.365234375,31.3525390625,12.028645833333334,9.076497395833332,28.988932291666668,,
6616,19.405924479166668,10.087239583333334,25.870117187500004,35.83203125,8.8046875,,,
6617,11.301432291666668,9.170247395833334,43.0478515625,25.762369791666668,10.1689453125,,0.5491536458333333,
6618,23.554036458333332,2.4397786458333335,42.0068359375,24.6748046875,7.324544270833333,,,
6620,27.904947916666668,1.7724609374999998,62.30338541666667,2.301106770833333,5.386393229166667,0.33170572916666663,,
6622,51.3173828125,8.142903645833334,,27.957682291666668,11.345703125,1.236328125,,
6623,56.09863281250001,15.586263020833332,,4.008463541666667,11.693033854166666,12.056966145833334,0.556640625,
6625,40.1171875,15.829752604166666,16.0673828125,7.955729166666667,9.909830729166668,10.1201171875,,
6627,43.88020833333333,4.480794270833333,8.26171875,26.259765624999996,17.117513020833332,,,
6628,50.205078125,,11.214518229166668,30.1376953125,6.825846354166666,0.751953125,0.8649088541666667,
6633,16.389322916666664,,26.241861979166664,28.9169921875,4.677083333333333,,,23.774739583333336
6635,53.286783854166664,0.46972656249999994,26.737955729166668,6.91796875,11.831705729166666,0.755859375,,
6639,79.3935546875,6.390299479166667,,3.644856770833333,9.924153645833334,0.40136718750000006,0.24576822916666666,
6640,65.16829427083334,7.773437499999999,8.357747395833332,0.3697916666666667,17.494140625,0.8365885416666666,,
6643,71.81184895833333,12.694010416666668,,9.962565104166666,3.700520833333333,0.9332682291666666,0.3160807291666667,0.5817057291666667
6644,73.875,8.3896484375,,8.348307291666666,9.214192708333334,,0.1728515625,
6645,79.8466796875,8.366861979166666,,,10.368489583333334,0.9905598958333333,0.4274088541666667,
6646,50.97070312500001,11.236653645833334,,16.888671875,19.486002604166668,0.744140625,0.673828125,
6647,58.760091145833336,11.6669921875,,16.867513020833332,11.78515625,0.5416666666666667,,0.37858072916666663
6648,76.4482421875,7.478515625,,2.8857421875,12.617513020833334,0.5699869791666667,,
6649,65.92740885416667,12.0576171875,,6.604166666666666,14.3583984375,0.6259765625,0.42643229166666663,
6651,66.99837239583334,12.878580729166666,2.5113932291666665,5.283528645833333,11.741536458333334,0.287109375,0.2994791666666667,
6652,78.5263671875,8.380208333333334,2.0930989583333335,,10.351888020833332,0.6484375,,
6654,61.4658203125,11.173177083333332,2.9576822916666665,8.341796875,15.443684895833334,0.6178385416666667,,
6655,50.5615234375,8.621744791666666,13.953125,6.515950520833333,20.34765625,,,
6656,45.53580729166667,9.986002604166666,18.554036458333336,5.1533203125,18.057942708333332,2.5162760416666665,0.19661458333333331,
6657,60.90624999999999,9.144856770833334,,,26.978515625,2.970377604166667,,
6658,68.7138671875,5.843098958333334,,9.948567708333334,15.455078125,0.03938802083333333,,
6660,69.13899739583333,11.609049479166666,2.416015625,1.4514973958333333,14.1240234375,0.078125,0.19954427083333334,0.9827473958333333
6662,65.49153645833333,2.8792317708333335,,3.982421875,27.492513020833332,0.154296875,,
6664,43.488932291666664,0.9085286458333333,23.545247395833332,3.3284505208333335,21.447916666666668,7.280924479166667,,
6666,46.87141927083333,12.053385416666666,,0.026041666666666668,41.04915364583333,,,
6667,15.724934895833334,18.566731770833332,1.1979166666666667,11.0947265625,53.41569010416667,,,
6668,81.83268229166667,,,10.9306640625,5.636067708333333,1.6005859375,,
6670,84.9931640625,0.9052734375,,2.7672526041666665,11.0888671875,0.24544270833333331,,
6673,21.972005208333336,,,51.697265625,26.330729166666668,,,
6675,74.73958333333334,,4.632161458333333,4.8427734375,15.785481770833334,,,
6676,88.595703125,1.3518880208333335,,2.6119791666666665,7.4404296875,,,
6678,51.404622395833336,,20.046223958333336,6.826171875000001,21.722981770833332,,,
6681,36.648111979166664,,9.478841145833334,,53.873046875,,,
6682,5.906901041666666,,70.24837239583334,2.19140625,21.6533203125,,,
6685,18.6337890625,,52.081380208333336,,29.284830729166668,,,
6686,8.817708333333334,,70.73046875,2.3557942708333335,17.642578125,0.45345052083333337,,
6687,7.285481770833334,0.33203125,68.74576822916667,2.9231770833333335,20.713541666666664,,,
6689,27.211914062499996,3.1266276041666665,54.0771484375,7.5927734375,7.991536458333333,,,
6692,55.522135416666664,2.880859375,0.6471354166666667,,2.271484375,38.678385416666664,,
6693,56.80826822916667,11.984700520833332,0.36393229166666663,1.2213541666666665,1.5192057291666667,28.1025390625,,
6701,84.75358072916667,2.2744140625,,8.095052083333334,,4.876953125,,
6703,87.37890625,,,7.189453125,3.8193359375,1.6123046875000002,,
6704,69.087890625,,,1.1796875,2.2327473958333335,27.499674479166668,,
6706,74.56477864583333,4.425455729166667,,6.942708333333333,0.3776041666666667,13.599934895833332,0.08951822916666666,
6707,80.32421875,2.5862630208333335,,11.137369791666666,1.9941406250000002,3.9580078125,,
6708,87.8310546875,1.4814453125,,5.193033854166667,1.2994791666666667,4.194986979166666,,
6710,73.65397135416667,1.6695963541666667,,22.282877604166668,2.3935546875,,,
6711,80.92805989583334,3.5380859374999996,,9.361653645833332,2.215494791666667,3.9567057291666665,,
6712,78.9501953125,3.6012369791666665,0.58984375,5.709635416666667,4.954752604166666,6.1943359375,,
6713,67.337890625,7.887369791666667,,21.044596354166668,3.4716796874999996,0.25846354166666663,,
6714,78.58365885416667,8.630208333333334,,7.004557291666667,1.0009765625,4.780598958333333,,
6715,85.05794270833333,4.3896484375,0.3154296875,8.303059895833332,1.9339192708333335,,,
6716,92.2177734375,,,,3.0638020833333335,4.718424479166667,,
6719,19.842447916666668,1.0608723958333333,47.89127604166667,26.872395833333336,1.1175130208333333,3.1165364583333335,0.09895833333333334,
6727,28.749999999999996,,38.152018229166664,27.237630208333336,0.7236328125,5.13671875,,
6728,28.608072916666664,2.3304036458333335,35.807942708333336,27.222330729166664,0.7337239583333334,5.297526041666667,,
6731,19.4931640625,2.4749348958333335,45.17513020833333,27.277018229166668,0.16471354166666669,5.4150390625,,
6732,20.728190104166664,,43.267578125,27.322591145833336,2.275390625,6.406249999999999,,
6734,21.927734375,0.38639322916666663,43.902994791666664,27.211588541666664,0.8128255208333334,5.758463541666667,,
6735,20.497395833333336,0.4401041666666667,44.001953125,27.226888020833336,1.8935546875,5.940104166666667,,
6736,30.731119791666668,0.9508463541666666,34.8330078125,27.238606770833336,0.22884114583333331,6.017578125,,
6737,17.089518229166668,6.888997395833334,48.6025390625,27.325846354166668,0.09309895833333334,,,
6738,16.84375,0.47265625,48.917317708333336,27.3369140625,,6.429361979166667,,
6739,18.155598958333332,6.654622395833333,47.818684895833336,27.371093749999996,,,,
6742,24.694661458333332,8.469401041666668,37.49609375,27.310872395833336,2.0289713541666665,,,
6743,23.917317708333332,9.440104166666668,38.22200520833333,27.315429687499996,0.8343098958333333,0.27083333333333337,,
6745,13.895833333333332,0.7220052083333334,45.63444010416667,36.662109375,3.085611979166667,,,
6746,14.544596354166666,0.42578125000000006,46.9111328125,36.653971354166664,1.4645182291666665,,,
6747,24.630208333333332,0.7805989583333334,37.038736979166664,36.596354166666664,0.9541015625,,,
6748,15.204427083333332,0.8574218749999999,46.28450520833333,36.663736979166664,0.9899088541666666,,,
6749,27.572591145833332,0.5940755208333333,34.256184895833336,36.4951171875,1.08203125,,,
6750,16.272786458333332,1.0524088541666667,44.621744791666664,36.91536458333333,1.1376953125,,,
6754,22.8515625,1.658203125,36.31640625,37.256184895833336,1.9166666666666665,0.0009765625,,
6755,26.356770833333332,1.0055338541666667,33.08463541666667,37.87890625,1.6741536458333335,,,
6756,30.582682291666668,1.6572265625,30.904296874999996,34.951171875,1.9046223958333335,,,
6760,37.468098958333336,8.0908203125,23.436197916666668,27.598958333333336,3.375325520833333,0.030598958333333336,,
6762,16.2763671875,0.3798828125,50.646158854166664,27.772786458333332,0.2926432291666667,4.632161458333333,,
6763,22.859375,0.3909505208333333,48.99544270833333,27.754231770833332,,,,
6764,63.20214843750001,0.9807942708333333,7.7421875,27.695312500000004,,0.3795572916666667,,
6770,19.362955729166668,1.1002604166666667,7.375325520833333,27.306966145833332,44.596028645833336,0.25846354166666663,,
6772,20.201822916666668,0.673828125,7.786783854166666,27.516927083333332,43.81966145833333,0.0009765625,,
6773,19.880859375,1.8046875,8.255208333333334,27.822265624999996,42.236979166666664,,,
6776,22.371744791666668,1.4765625,9.0927734375,28.222981770833332,38.8359375,,,
6779,15.543619791666666,1.7513020833333333,16.507486979166668,27.818359375,38.16796875,0.21126302083333334,,
6783,17.344401041666664,0.5078125,16.640299479166668,0.004557291666666667,37.83365885416667,27.669270833333332,,
6787,22.319986979166668,1.1383463541666665,10.720377604166668,25.815429687500004,40.00520833333333,0.0006510416666666667,,
6788,21.102864583333332,1.0963541666666667,10.875,25.765299479166664,41.15983072916667,0.0006510416666666667,,
6789,20.114583333333332,1.1256510416666667,11.101888020833334,25.848958333333332,41.80501302083333,0.00390625,,
6790,18.744791666666664,1.1399739583333335,11.4375,25.704752604166664,42.972981770833336,,,
6792,19.9677734375,0.6396484375,11.8896484375,0.00032552083333333337,41.9072265625,25.595377604166668,,
6793,17.5947265625,1.9049479166666667,11.931315104166666,25.473632812500004,43.09537760416667,,,
6797,45.662109375,4.550130208333333,4.621419270833333,18.499348958333332,25.830729166666664,0.8362630208333333,,
6798,73.64453125,4.448893229166666,,2.2913411458333335,19.615234375,,,
6799,75.43619791666667,7.154947916666667,,,14.915690104166668,2.4931640625,,
6800,53.47428385416667,13.013346354166666,,4.380859375,26.628580729166668,2.5029296875,,
6802,52.200846354166664,13.617838541666666,5.598958333333334,1.2796223958333333,26.685546875,0.6171875,,
6803,34.089192708333336,13.974934895833332,,21.263346354166668,29.772786458333332,0.8997395833333333,,
6804,32.974934895833336,8.9677734375,1.1790364583333335,19.475911458333332,36.59375,0.8085937499999999,,
6805,46.661458333333336,8.242838541666666,20.404622395833332,1.9055989583333333,22.785481770833332,,,
6806,47.74479166666667,8.894856770833332,1.4534505208333333,0.8017578125000001,39.0205078125,0.9339192708333333,,1.1507161458333333
6807,36.5556640625,8.0341796875,26.709309895833332,1.4957682291666667,27.205078125,,,
6808,19.622721354166668,4.675455729166666,21.650716145833336,7.123046875,25.616861979166668,21.311197916666664,,
6810,11.84765625,,68.10481770833333,1.8551432291666665,10.586263020833334,7.606119791666667,,
6812,16.3046875,12.565755208333334,25.092447916666664,0.7275390625,45.3095703125,,,
6813,13.03125,1.5335286458333333,0.0022786458333333335,15.823893229166666,64.22688802083333,5.382161458333334,,
6814,9.486328125,3.6510416666666665,,16.876953125,64.32942708333333,5.469401041666667,0.18684895833333334,
6818,35.47493489583333,3.5830078125,,2.1555989583333335,56.35807291666667,,,2.4283854166666665
6819,29.694986979166664,12.142252604166668,8.538411458333334,2.1569010416666665,47.467447916666664,,,
6820,48.1044921875,10.62890625,2.8030598958333335,3.4775390625,33.517252604166664,1.46875,,
6824,19.637369791666668,4.545572916666667,26.331380208333332,3.812174479166667,26.835611979166668,18.712890625,0.125,
6826,28.614583333333332,5.0986328125,,12.345703125,14.3583984375,39.582682291666664,,
6829,54.12272135416667,0.291015625,31.557617187499996,8.7041015625,4.258138020833333,0.9563802083333333,0.11002604166666667,
6830,49.583984375,7.833333333333334,33.533854166666664,4.8037109375,3.2431640625,1.001953125,,
6832,67.63802083333333,4.603515625,,2.9186197916666665,8.5810546875,,,16.2587890625
6833,66.73046875,8.075520833333332,4.651692708333333,4.612630208333333,6.320963541666667,0.5315755208333334,,9.0771484375
6836,72.9560546875,9.676432291666668,,13.001302083333332,3.389973958333333,0.2796223958333333,0.208984375,0.4876302083333333
6838,69.25162760416667,25.077148437500004,0.8805338541666667,0.13118489583333331,4.659505208333333,,,
6839,59.543294270833336,10.843098958333334,0.8489583333333334,6.388020833333333,19.326497395833332,,,3.0501302083333335
6842,62.096028645833336,11.993489583333334,2.2669270833333335,12.877278645833334,8.622395833333334,2.1438802083333335,,
6843,62.10156249999999,13.460611979166668,,13.194335937500002,10.93359375,0.3098958333333333,,
6846,48.91764322916667,8.888020833333334,9.595377604166666,6.784505208333333,23.629231770833332,1.9466145833333333,0.23860677083333334,
6849,23.451497395833336,,6.263997395833333,3.536783854166667,66.04427083333333,0.7034505208333333,,
6851,54.148763020833336,7.935221354166666,,32.945963541666664,4.921549479166667,,0.048502604166666664,
6852,34.763997395833336,5.117838541666667,19.236328125,0.9853515625,17.2626953125,22.6337890625,,
6853,30.986002604166668,4.931640625,19.599934895833336,4.264973958333333,19.540690104166668,20.6767578125,,
6854,39.759440104166664,,18.576822916666664,,23.361002604166668,18.302734375,,
6855,51.22753906250001,8.250651041666666,18.210286458333332,8.013997395833334,14.297526041666666,,,
6857,72.62662760416667,8.51953125,,4.9287109375,13.533203125000002,,0.39192708333333337,
6858,79.60481770833333,5.505859375,,11.0234375,3.250651041666667,0.41373697916666663,0.20149739583333334,
6859,67.33984375,,,8.121419270833332,16.703450520833332,,0.20084635416666666,7.634440104166666
6860,59.838541666666664,7.899739583333333,0.05664062499999999,10.069010416666666,21.90625,,0.22981770833333334,
6890,60.2060546875,3.177734375,,16.743489583333336,17.129231770833332,0.052734375,2.040690104166667,0.6500651041666666
6891,65.68912760416666,6.521809895833333,1.9990234375,11.064453125,13.606445312500002,,1.119140625,
6899,31.8056640625,13.038411458333332,21.2744140625,3.882486979166667,23.284830729166668,6.714192708333333,,
6900,33.44140625,9.548502604166668,23.542643229166664,3.853515625,27.087565104166668,2.5263671875,,
6901,31.557291666666664,8.155598958333334,23.515299479166664,3.5175781250000004,29.224609375,4.029622395833334,,
6902,28.839518229166668,12.2763671875,23.948893229166668,3.383138020833333,30.880208333333332,0.29069010416666663,0.3811848958333333,
6904,27.154622395833332,13.123372395833332,,0.0009765625,34.040364583333336,2.4306640625,0.447265625,22.802734375
6908,49.237955729166664,6.438476562500001,,3.6184895833333335,16.272135416666668,24.158854166666664,0.2740885416666667,
6909,59.51497395833333,7.409830729166666,,3.387369791666667,29.4365234375,,0.2513020833333333,
6911,49.677083333333336,1.6253255208333335,24.563802083333332,8.2353515625,15.898437500000002,,,
6913,42.3603515625,23.37109375,13.912760416666666,0.38020833333333337,19.9755859375,,,
6914,22.2119140625,25.030924479166668,7.988606770833333,1.7506510416666665,42.870768229166664,0.14713541666666666,,
6918,32.805013020833336,46.053385416666664,,0.8935546875,20.248046875,,,
6919,19.138671875,13.536132812500002,0.9443359375,0.004557291666666667,21.5078125,44.86848958333333,,
6922,6.87890625,0.5348307291666666,,2.1116536458333335,22.8310546875,67.6435546875,,
6924,9.150716145833334,0.9534505208333334,,1.7281901041666665,19.302083333333332,68.86555989583333,,
6926,6.847981770833334,1.3723958333333333,,1.8811848958333333,21.623372395833336,68.27506510416667,,
6928,62.352864583333336,5.291015625,3.6946614583333335,23.519205729166668,5.142252604166667,,,
6929,74.10286458333334,11.803385416666666,,4.765950520833333,8.925455729166666,0.05859375,0.34375,
6930,42.277669270833336,20.723307291666668,1.1826171875,17.702473958333336,17.943359375,,0.17057291666666666,
6931,37.568033854166664,20.429036458333332,,15.290364583333332,26.417643229166664,0.12044270833333334,0.17447916666666666,
6933,53.2685546875,15.302408854166666,,4.015625,20.703125,0.5042317708333333,0.19921875,6.0068359375
6934,28.287109375000004,8.02734375,30.218098958333332,16.323567708333332,16.5712890625,0.3421223958333333,0.23046875,
6935,24.684895833333336,8.948893229166668,39.37174479166667,4.069986979166667,21.447591145833332,1.1793619791666665,0.2975260416666667,
6936,26.071940104166668,6.444661458333334,37.4130859375,4.704427083333333,24.187174479166668,0.9241536458333333,0.25455729166666663,
6938,16.965494791666664,9.262044270833334,40.120768229166664,4.023763020833333,27.625325520833332,2.002604166666667,,
6939,17.81640625,7.879231770833334,44.9228515625,4.0205078125,21.998046875,3.3076171874999996,,0.055338541666666664
6940,68.52604166666667,9.890950520833334,,0.002604166666666667,18.6591796875,2.9212239583333335,,
6941,71.0302734375,3.7083333333333335,,3.9358723958333335,19.0068359375,2.0771484375,0.24153645833333331,
6943,27.490885416666664,2.609375,40.88899739583333,3.948893229166667,22.687825520833332,1.1901041666666667,0.2854817708333333,0.8984374999999999
6945,27.236328124999996,6.732747395833333,,5.123046875,21.934244791666664,,,38.9736328125
6946,12.306966145833332,7.176757812499999,13.5166015625,3.993489583333333,22.922526041666664,0.3902994791666667,,39.693359375
6947,22.0771484375,,,17.313151041666668,21.855143229166664,,,38.75455729166667
6953,19.917643229166668,3.516276041666667,10.615559895833334,4.365559895833333,25.045898437500004,36.443359375,0.095703125,
6955,56.659505208333336,0.8427734375000001,17.534505208333336,3.453125,10.7822265625,10.369140625,0.3587239583333333,
6956,50.728515625,14.166341145833334,26.148111979166664,2.6595052083333335,5.566080729166667,0.5208333333333333,0.21061197916666669,
6957,48.24348958333333,,30.1435546875,12.95703125,8.046875,0.2698567708333333,0.21028645833333334,0.12890625
6960,45.908528645833336,15.663085937499998,,3.70703125,30.190755208333332,3.4755859375000004,,1.0550130208333333
6964,56.9423828125,8.383463541666666,,5.284830729166667,26.070312499999996,2.673828125,,0.6451822916666666
6965,61.425455729166664,8.810546875,,5.374674479166667,22.929361979166664,0.49088541666666663,0.22037760416666669,0.7486979166666667
6966,42.7587890625,12.714192708333332,,9.311848958333334,33.283203125,1.9319661458333335,,
6967,72.61588541666667,15.175130208333334,,4.059895833333333,8.08203125,0.06705729166666667,,
6968,61.53841145833333,16.798502604166668,,17.474934895833332,2.174153645833333,1.4173177083333333,0.5966796875,
6969,53.542643229166664,17.214518229166668,12.680013020833334,8.130208333333332,7.283854166666667,1.1487630208333333,,
6970,58.92057291666667,14.240885416666666,,18.661458333333332,7.158203125,0.3450520833333333,,0.673828125
6971,74.37630208333333,9.0205078125,,5.1953125,7.380533854166667,3.4641927083333335,0.5631510416666666,
6972,73.81608072916667,13.021484375,4.088216145833334,6.289388020833334,,2.0016276041666665,0.783203125,
6974,57.82291666666667,14.730143229166668,14.906901041666668,4.449869791666667,3.9251302083333335,4.1650390625,,
6976,42.376627604166664,9.956380208333334,11.216145833333334,4.142252604166666,31.335611979166668,0.9729817708333333,,
6978,77.82779947916667,15.039713541666666,,4.132486979166667,1.3167317708333333,1.3626302083333333,0.3206380208333333,
6981,69.13671875,15.613606770833332,10.826497395833332,4.1630859375,,0.26009114583333337,,
6982,58.542317708333336,14.181640625,12.695638020833332,2.9986979166666665,11.345377604166666,0.236328125,,
6985,64.11002604166667,16.828776041666664,3.736328125,0.4879557291666667,14.8369140625,,,
6986,57.861328125,10.386067708333334,2.708658854166667,2.53125,26.5126953125,,,
6992,26.117838541666664,0.8577473958333334,52.80338541666667,1.638671875,18.582356770833332,,,
6993,35.330403645833336,0.9020182291666666,50.65592447916667,2.1376953125,9.345377604166668,,1.6285807291666665,
6994,83.705078125,,,,12.5556640625,,3.7392578125,
6995,27.739583333333336,,36.550455729166664,32.3896484375,0.018229166666666668,0.1474609375,3.1546223958333335,
6996,39.769856770833336,,10.4775390625,42.10384114583333,0.5621744791666666,,5.108723958333333,1.9778645833333335
6997,29.510416666666668,3.9267578125,38.6640625,22.232747395833332,2.90625,,2.759765625,
6998,18.171875,6.307942708333333,54.99739583333333,6.251953125,11.0439453125,,3.2268880208333335,
6999,71.49934895833333,1.1236979166666665,,,27.376953124999996,,,
7000,39.205729166666664,0.6018880208333333,,39.5556640625,20.63671875,,,
7003,12.368489583333334,,46.826171875,32.67545572916667,8.1298828125,,,
7006,16.598958333333332,4.747721354166667,40.095377604166664,27.251953125,11.305989583333332,,,
7007,60.68750000000001,2.8955078125,35.96419270833333,0.4527994791666667,,,,
7008,33.09505208333333,,29.0302734375,0.466796875,37.407877604166664,,,
7009,48.218098958333336,,28.177083333333336,,21.509440104166664,2.0953776041666665,,
7010,61.095377604166664,24.390950520833332,2.6481119791666665,,11.696614583333332,0.1689453125,,
